tfidf
lsi
corpus_lsi
0.034773698323507546
0.03173698056165518
-0.038359439609543966
0.01593320854597207
-0.009519839761959192
0.008546097577453102
-0.00045555527176944794
0.01674726764304097
0.016142472784170844
-0.004118415283759939
0.0035846630717724093
-0.019491247804284538
0.008225215932951582
-0.009281356771280985
0.009504358578425512
-0.025930585596942828
0.03065656989332645
-0.021527946773776667
0.009497146522737861
-0.00816227523058168
0.015349219559414106
-0.008463614699004635
0.02218021959541411
-0.004894533759928221
0.002080608777195088
-0.022954989796599705
0.005652363707079187
-0.01018483188514871
0.008672838560856915
-0.006671332158673574
0.013771967037096065
-0.013885767360766228
0.0014691672656437004
-0.029626315512149677
0.010293478336488486
-0.016746174314527733
0.0014134089118031325
0.02500964409527498
-0.03672968792423135
0.009005756099025604
-0.08250319433388532
0.0043246944099781
0.026857522329077475
-0.03723358009690601
0.013610602142886263
0.006241262320570779
-0.02096257653441744
-0.006334083870470114
0.05817468342207068
-0.08610828587043168
-0.008590308337358597
-0.03942022477657704
0.07108376679144822
-0.056204382037423076
-0.02211063402425872
-0.02178196159980332
-0.0682237451250956
-0.041126990477192975
0.07502838637915249
0.02879851741163569
-0.019137998039299588
0.042449035783010416
-0.0018759730538282738
0.028936324723895956
-0.011806043062681798
0.06130365500337988
-0.03498586136415769
0.009338992816071607
-0.06851171199594415
0.025561317941338264
-0.037409064100882336
0.04001950283788233
-0.10169302111575856
0.047368573047459187
-0.05359141556414374
0.020711207652720585
-0.051940210169178144
0.015296997070254845
-0.037113400659367336
0.015850587640936192
-0.046806457535641575
0.01526533779379453
0.039804603629456044
-0.045857671808639464
0.11107022779403852
-0.04861398708302313
0.11699757766128595
-0.04528651899164938
0.06596073437751873
-0.004806637599652596
-0.028505497190078197
0.05552935512039898
-0.05490330191955174
0.042405464408252234
0.0898472193191903
-0.05358656805918249
-0.18074380841716176
0.1345955679266361
-0.12212247446108258
-0.026896627526651305
0.020345342044304764
0.011223365802246803
-0.05653638249596053
-0.0416752175734483
0.14023909997622297
-0.24376299543066635
-0.027496892387361326
-0.03262439975141894
0.09220196670249192
0.10822411170050955
-0.026577718391632768
-0.08995879752342102
0.1226178634903381
0.18364626980710863
-0.1585895921893413
-0.03597574131853417
-0.05207832948254228
-0.08853413892181014
0.17282634150933512
0.10470701304838154
-0.10118964800573631
0.017487302114510942
0.11081603714108344
0.07332696189114728
-0.06993659224355273
-0.02442091003791337
0.013850526460678211
0.03339962082641331
0.03966892688991212
-0.05166036233036596
-0.027891236000273392
-0.11277103477693168
0.06601475945289866
0.05667001942849612
0.04562220295396099
-0.12031167542387396
-0.00223739984341501
-0.004771151391997178
0.07127361659147975
0.02074574723706435
0.02963271040493678
0.023547514393403076
-0.07340425525471216
-0.056157118431667534
-0.022811463094421686
0.02804552278311899
0.0048614480807051145
0.04678163387538699
0.041758376350231496
-0.09470754746559422
-0.014634355311390557
-0.00423764400204672
-0.13597586003070988
0.06529509447819096
0.017467094166039702
0.008367137337119137
-0.06007152675840516
-0.018472890662382547
0.04856929556956407
-0.050825597127046804
0.0026090461518148925
-0.03819881685045841
0.015147589867467235
-0.0435566379466077
0.01980807109244534
-0.016541671412904538
0.0021372149972077106
-0.032316414764100056
0.019105476777010258
-0.025220061225142223
0.03888143520052183
-0.016444989844728166
0.010186875134447965
-0.04758877317750672
0.00806756523409074
-0.055737113729204424
0.022948691910792837
-0.007603228802041668
0.0073861546435309115
-0.049908794298865765
0.13775573451377673
-0.05348999671740598
0.0035821778109765027
-0.06404198177361876
0.031026064718352307
-0.029180948085145864
0.018820794829604456
0.024980056262827934
-0.015485191933143565
-0.06192997326603749
0.0376073248487046
-0.04167777082601656
0.029716422677576113
0.007888311987467606
-0.021483246950942964
0.07906305897619217
0.07265288471436741
-0.04271198315559159
0.010943631490483472
0.023369266610541794
-0.010934014324348729
-0.011063501013132155
0.03568023160621652
-0.04806633452312689
0.031126978707805075
-0.002385943465492752
-0.01317266585959129
0.008325256842424203
0.010618034743873898
-0.01080162144014911
0.013475318003442881
6.1790925552744624e-06
-0.024923475698633228
-0.037139997848232124
0.02604870584350083
-0.07647808889347867
-0.036993155998744066
0.021533387592984576
-0.024010179071020432
-0.013352937229177183
-0.0018150454016862654
0.01559327702326945
0.0006585345480017955
-0.05069392070632105
-0.003888236141750985
-0.03489697076135913
0.02213165767164426
-0.027154459088502857
-0.0031922401889894446
-0.013143882553715118
0.03071943168675457
0.020909733172140763
-0.026925168009258565
0.0011107837798844224
0.03295173758879834
-0.001010766688529169
-0.0416236416625333
-0.043435214669826826
0.023986038238997393
0.015654749533979117
-0.06386746164370938
-0.02170119474017629
-0.003166868145508516
0.007197628558380505
0.013260908665402991
-0.019335405162695614
-0.017140499568989522
-0.06558162690675363
0.0018204745000291824
0.03327136908173394
-0.01476441211256082
-0.022803154543743227
0.023757483668939403
0.023346330457326266
0.0022845344039705544
-0.04089612354652988
0.029291593006298015
0.0009818604928561537
0.05253879936695793
-0.035467996341821885
0.027750121154270283
0.006918290961491709
0.028610014232558986
-0.015586443814969663
-0.002493908200193632
-0.0077302568597243625
-0.017783390518012067
0.017355666686954197
0.015268509162621386
-0.0183253373151461
-0.004865141273276273
0.023659352047905754
0.010659547066870242
0.000889140690788832
0.010913191465968456
-0.004580413317261513
-0.017323992275693086
-0.002238674970119047
0.05144770648160071
-0.02759813263968808
-0.018633242452958138
-0.006575247291484456
-0.007991539713046789
0.014071883735079432
0.04477449412936853
-0.010979522328959298
-0.022569639685648346
6.845202256245721e-06
0.012011853740350749
0.013009415805088218
0.006240389141179493
0.0031961594016839895
-0.020366642190577194
-0.010150563341883537
0.010186083182881896
0.005923281717788641
0.011137202424636203
0.01466884523567109
0.01640239618339229
-0.023311043387333787
0.013153554903391403
0.015738414819152443
0.020849771153778125
0.029524287304150243
-0.02441036915198546
-0.011561629451365194
0.0037700045861306566
0.013489725204998122
0.007136269806901033
-0.019009312531934507
-0.019682926994747753
-0.016449775119246585
0.006547345287236425
0.005444772104529412
0.014141676974366956
0.028322107434938223
-0.02581778063127133
-0.016441675417641535
-0.04232167333280822
0.030036610648546555
0.03687074005004428
0.003096966992975108
-0.01931434995399498
-0.01894953786710759
-0.015661246594498315
0.013443873912853108
0.01476605519634518
0.011253223913587764
0.008851486934837343
-0.0135186947492229
-0.008591420257243434
-0.006753540822426298
-0.005972072321336253
0.015331085200634708
0.018601063379000696
0.0015344455374571063
-0.016609380000247365
-0.0183396131295851
-0.013903898916298105
0.026710406022823464
0.024747733399138293
0.0031061942960659344
0.011743576543198441
0.002437649686981733
0.006033143710072977
-0.004981026444894686
-0.03465610566850508
0.04321145306354409
0.03032435186677631
0.01430197548379624
-0.011372975744941376
-0.008884706195430397
-0.04367627750210854
0.015792276394308663
0.008741334450563056
0.006384536367940359
0.0033433133933847333
0.018563668137401457
0.04058978603543736
-0.006385250568682444
-0.014189732674553911
-0.004335979422848135
-0.014155089179017881
0.012271884230615886
0.013014287830219353
0.017281228779576868
-0.00979668809200459
-0.009600022255005246
-0.016706278886443018
-0.029271347547496992
0.011021952551204316
0.012522157000413134
0.006388718962665307
0.009374963983422089
0.0024794243254641314
-0.012415937871529545
-7.179327341630317e-05
-0.013015880597610104
-0.00019804474311042132
-0.00917593474539738
0.00315096240633119
0.014774758146735614
0.00552120423519385
0.02461237478165295
-0.009273709218209046
-0.010895553087854894
-0.009663471503419343
-0.027674637007496644
-0.006771603777112291
0.03329087787959982
0.01861278001217173
0.030196119812549757
-0.03916942327965873
-0.014753921284095322
-0.007496507170390981
0.01111153381045939
0.013157185339627878
0.024965576260488065
0.006053427522741281
-0.00707184767080353
-0.012752402804325436
-0.02409013759313129
-0.011819718638849806
-0.004172393555976299
0.019794557303759137
0.0062650590047288405
0.0137858972482436
0.017041316939319127
2.0984417224085888e-05
-0.027883891823595044
-0.0008921962601726046
-0.009038250044452354
0.025655350584766243
0.01705692015600104
0.012938753685008159
-0.01838851783190779
-0.007198244723877196
-0.005644605701513627
-0.022456968908735404
-0.005149618206794999
-0.018950308936898044
0.03157811065050219
0.017996492855265306
-0.009451372770147019
-0.01885107974479123
-0.022821964618238794
-0.001252773592266468
0.015426079553055768
0.004843424682445048
0.017821977319148485
0.009689030152577147
0.01245848551557679
0.00032184021301266664
-0.0393008454444202
-0.006581123268615984
0.002193966071092977
0.0035365678587748724
0.013106378542943402
0.02677752077421668
0.003500912800309121
0.007239593871086867
-0.032412037182267754
-0.0016689788789981507
-0.006133619505521563
-0.01718608487335151
0.013883334187386045
0.025754006939907873
0.02023760348079008
0.00626559366254773
-0.022880414831560596
-0.005104787320762864
-0.012787211287422997
-0.008162505817887123
-0.027332939284718912
0.037785121006580075
0.0020702992704058993
0.010996605574304322
-0.003928941942450845
-0.009850841394998266
-0.022618029901509483
-0.005105188494173709
0.011620282242106072
0.00021298460743895834
0.01865856402285275
0.004099849296691785
0.007526135545298797
-0.012364214269273066
-0.00032891517351078933
-0.028542632884433924
-0.004019755397846982
0.000497258041023965
0.009515264394025754
0.017776816935301035
0.02391945564181824
-0.004633038630222913
-0.006570977601631251
-0.0023509795561596977
-0.008127563479410524
-0.0043870794403309266
-0.002290005944281962
-0.014389978136990379
0.021916623521786433
0.023786437418373444
0.005681887643759883
-0.014208842079063913
-0.002467952858303947
-0.02928628006036254
-0.008006156193956528
0.013046871270266002
0.010790856381562247
0.012292226566829248
0.013541966207763448
0.02507083165760384
-0.021465547857570696
-0.002454940704691805
-0.024682295454632373
0.009524804044488359
0.016208493905018738
0.01954830326275079
0.010423852246558772
0.008321307784936113
-0.013101713391020453
-0.03200734514980758
-0.007097339908708785
0.031457488034121316
0.005851572089878652
0.0009971769057195168
0.0007531889178607567
0.00038986401637832726
0.020902013897854455
-0.010503204816163942
-0.019813995766319707
-0.014209690060558337
-0.008376232311156901
0.019997513349235246
0.014942808919816829
0.011708980700712373
-0.015859590864557613
-0.004112918427191312
-7.563067421764583e-05
-0.012083330972070622
-0.011291808346513681
-0.0023032145564430536
0.004873678807915362
0.020102693532810488
0.003690709108559159
0.0056660373314674555
0.01236448690609712
-0.010450046520414992
-0.021565512794188963
-0.013298840228897841
0.03801985835776611
0.007000313369799663
0.005045548698051031
0.0006933885291398457
0.0028397060661979794
0.013094734528438678
-0.020978978500261022
-0.007120971138729789
0.019602255234164766
0.0001030007275473248
0.0035637713784586913
0.0008763364087555601
0.006694257458478145
0.037572315624315164
-0.004853547960857997
-0.00010798501606549367
-0.009235936415368042
-0.016416620511045397
0.0005769693107929908
0.009905413071983738
0.0049826931847135264
0.007278239431083647
-0.012601651240979034
-0.006837117706089068
-0.0034059974577965247
-0.003555593994400408
-0.0007179602161802526
-0.0022045816819699065
-0.004073546941480765
0.024477759984576675
0.020706923363781972
0.02679897500333168
-0.027860565453556547
-0.011009108413108913
-0.028999556259106732
-0.016258597774145095
0.010299233266848746
0.012645304119531475
0.007617848232660124
0.017537785045605
-0.0021007690781795056
-0.012332543347226802
-0.0024656003184696266
-0.002864478704152107
-0.00845676521304828
-0.008115686895529127
0.002713102414847325
0.017824491351567304
0.02158125711449068
-0.02805875110237785
-0.011531217555142092
-0.04334784441282468
0.0316096647737519
0.005814697040871345
0.001855518103951535
0.0171345527220956
-0.032163731811583864
-0.009807995075619122
-0.009375149745921334
-0.006380721691076563
-0.0029858623697029563
0.010029788020674623
0.002145974141002577
0.003307365101711938
0.018093529648235566
-0.007613688663235394
-0.013913461725932746
-0.005963559408376725
-0.00582385938507478
-0.0076590330685639045
-0.015459380312445651
-0.01405130073996191
0.020752395854078908
0.011597845683484613
0.00020899577228116958
0.00207627701326018
-0.00567259648079906
-0.025190046341445664
-0.015561384084515692
0.018468653347660055
0.0010951283943090502
0.0067149531779616585
0.0017295693893085479
-0.0077148105461272015
-0.017264153373770498
-0.005967233144537591
-0.002288669101934221
0.002536099376000689
0.0026777731753260523
0.006027345788977826
0.018166019382245227
-0.027685728530121034
-0.007843477530014213
-0.016033211549823533
-0.01845971535894932
-0.003116499004077865
0.030054417474883674
0.019591558793019173
0.006304988521674684
-0.013092646958185043
-0.02313025279047186
-0.009726791400747437
0.01392161093759692
0.0019786105606116357
0.012105320757547031
0.004907763245697929
0.015114218233999723
-0.014623629651972978
-0.005003902817656581
-0.0026537597578812156
-0.0013320804644376136
-0.014260991183345909
-0.005652984930002954
0.013763449158994573
0.004025749122518242
0.0006656624552233343
-0.016742414299910923
-0.009564496942643566
-0.008205057893069074
-0.006660626711130754
0.015400949892535395
0.01140339271092013
0.0019687210718700374
0.007800103096249471
-0.013205552550324849
-0.007559517770030026
-0.020721471506793588
-0.007532326007578239
0.001729859295734367
0.027784579957799774
0.009749198087162327
0.006168233196175793
-0.014097397600741274
-0.00901170697884621
-0.02380092019181888
-0.022029359171380214
0.004831876660873543
0.0212281722882137
0.009123248088797239
0.022213794894015426
-0.026861761330370926
-0.005281943528978957
-0.0005469201843580101
0.005735945706526159
0.025904635763083248
0.012646087212784606
0.021213171278504726
-0.005468982385941937
-0.0058361908233996096
-0.005719418953502817
-0.0068794341461957875
0.00035184110398460834
0.00862763811522188
0.011959075769588311
0.00741432975932912
0.0025801144808318397
0.010840392103373241
-0.013508886892422734
-0.0034885865927325468
-0.007039026462254203
-0.009461854678343505
0.014227643604685574
0.00778263699344462
0.0009458661557970316
-0.0013689307250151557
-0.024618641462416085
-0.0045733297060589675
0.005275003990815598
0.019448372061396754
0.008819738930861467
0.006667332556379428
0.013049671795511848
-0.01172309581776566
-0.02780768006294512
-0.006033053910792009
0.014679847527150248
0.039319709724706976
-0.005935698361065846
-0.006765624902269997
-0.01587077320814071
-0.002831112901503749
-0.002407561151964768
0.011580800732412987
0.013079039593487683
0.0039961883539266765
-0.010076005824588006
-0.01691816922064
-0.009420096388849435
-0.015048659008640004
0.01809320753661058
0.011168514091900264
-0.00020147282618546277
-0.011081051283200711
-0.008742328843241142
-0.019156106384980987
0.011211928873583766
0.008446786763380638
-0.006888951714135316
-0.010581900530264761
-0.0030916306261438843
-0.000658857579517824
-0.0010957283109640234
-0.002826615877262292
-0.004992870268394071
0.009109620456838004
0.024431034250788387
0.006444937203408118
-0.0037459188003512085
-0.025548880099511877
-0.008404441095443776
0.022636540031913146
0.005549511083696277
0.012449351179071786
-0.005812309909294874
-0.018577252946442892
-0.003190584561786191
0.025594016573474394
0.00041746558045079214
0.002398478543887792
0.017339817175341384
9.100596445005878e-05
-0.00865893007033003
-0.01217108858432459
-0.004076981567284595
-0.005403368521192565
0.01673291211523456
0.029143735343595555
-0.007405708200891814
-0.019225510111000797
-0.0031128965023562555
-0.005073327697191598
-0.014445092291130715
0.009618171884182994
-0.008103739317930755
-0.0066677387831578895
-0.00030834669481726566
-0.0005949583713931699
-0.004013616421188597
0.01797340767235819
0.002459271235906222
0.0022496855523851103
0.004913141638721725
0.011181241249460608
-0.012538934334892922
-0.012100648696845082
-0.0032093081603973917
0.015048373657328081
0.0027624819133195053
0.015886617941216086
-0.014828629517495579
-0.008759729212020577
-0.027818270798610777
0.005381537494098904
0.004226858074451587
0.006830759640849476
-0.0019507544641507348
-0.026649256765487794
0.012966243835877207
0.0018514535501822128
0.004780113206981842
0.0157937949244882
-0.026264199224841113
-0.00012713614595446132
0.022775788773726095
0.001249401540270037
0.008400496008681872
-0.028998409166394908
-0.010055183502760402
-0.012664556722086402
-0.03028729191934676
0.017441142774223553
0.008185681877727287
0.0009800071601810153
-0.013364712045661779
-0.0003706628735959968
-0.0007419960664061594
0.01657951917075024
0.016990555288573284
0.023605534968892863
-0.015943878632621183
-0.030431527834653787
0.019665241530513865
0.0041915475241240145
0.009147203247984403
-0.009848562889976415
-0.004011508342630619
-0.02249710514427363
0.018232553343207968
-0.005737655274076735
-0.0006504290560392233
-0.0006133321870117998
-0.010790751831931518
0.014293824202614143
0.00897691127124461
0.021592882741660997
-0.0052126881307716
-0.0017890024211303077
-0.02148927212042031
0.01354602812295342
0.009598326272293447
-0.019926925391614534
-0.01882438435781662
-0.005717398653718637
0.03382942503353857
-0.03533876082190777
-0.003655311172074803
-0.005121179094163168
0.04082008851797391
-0.0008057102833533172
-0.0065242707601862225
-0.0009129748665158924
-0.002466561313917252
-0.010113892897227604
0.009986839900517852
0.0021535332151769887
0.02429181212019385
-0.050877095140997836
0.0263614928386321
0.009984380308580423
0.007602935533223188
0.0009686362835079421
-0.03936004115155647
0.01870816962008372
0.030209238321706196
-0.02007358971523548
-0.006877262813615074
-0.003623032204475413
0.015609083664629406
0.020899389885272155
-0.008650095066652107
-0.02059593123888631
-0.008898303125401776
0.017867548249793353
-0.0178179724391668
-0.010106496778094559
0.02790389206361067
0.0084241831571354
0.002260576658292334
-0.013753721376625347
0.06543745703513612
0.014546615496763405
-0.0202423588407202
-0.06112352791214796
0.030308345894567757
0.044566061370432605
-0.02096866679403435
-0.0024070761104307255
0.006701605181451089
0.042769180364011755
-0.0366774221190433
0.01474428678753116
0.0289020042080865
0.015941681068182167
-0.03680949957313004
0.04813588306886667
-0.07226300911788318
-0.10148833916934709
0.0378590505306361
-0.026241275798251817
0.06631458524471624
0.0016514418453590098
-0.0020049697903597964
0.038632089062702754
0.06162942814954265
-0.07632666253343184
0.007886486266930849
-0.019499323442428832
-0.002819980992996039
0.05584593602588397
-0.04385648789513229
0.02633402859756691
-0.0748424760242053
0.09311082432336686
-0.011148351994492297
0.006946083090769889
-0.017185288918605327
0.04743699181395183
-0.07149271473636123
0.07651172573080929
-0.014326898365361228
0.036679472540483295
-0.0308651635741365
0.08449140914727753
-0.055347516899793794
0.005619626921995936
-0.020815387237014097
0.0032151130452290682
-0.0026476826127048722
0.06877606152867975
-0.04467356477220111
0.017740070084587826
0.07980420581939397
0.025428161526889693
0.046470820874029546
-0.05342135998828019
-0.04546747421349773
0.02850694544851707
0.013307097896448206
0.013610569035461687
-0.019970610566621146
-0.0038713337880343477
-0.0009376433046291808
-0.0028031428910892664
0.04319239227496585
-0.009606761389961332
-0.00929227300175147
0.044623097048221726
0.001217245180433486
-0.019954831954080616
0.006115965696567747
0.002355366989104892
-0.01663098891558792
-0.000929056214896533
0.004609843377719218
0.0008352550795734316
-0.00856657055500515
0.014224096820147898
-0.014325729468568823
0.004649540619299202
-0.0015910088482936444
0.00578669145803556
-0.0023413600881264187
0.008029107413565823
-0.010722895177226353
0.00544104450572786
-0.0026067458823129776
0.0011902280766239509
-0.0007140098212909409
-0.0008688974862444221
-0.0006862606189296703
0.003340773681397127
0.0018398194921202932
-0.004060790857586697
0.0024795565744503696
0.00014235034090037853
0.00459900095217667
-0.001983399926020515
9.189852045567469e-05
-0.00018895484993400498
0.0001512393458728159
-0.00421486414702557
0.000686628434166297
-0.00016174493302260093
0.0009272657009836206
-0.00013189070376004607
6.879039986515411e-05
-0.00010357968824213675
9.581779577687695e-05
-2.311495589165535e-05
1.1637107706131663e-05
Bhindranwale trinkets 'selling well' in poll-bound Punjab
(50, 0.9999998) Bhindranwale trinkets 'selling well' in poll-bound Punjab 2017-01-31T01:14:00.000+02:00
(182, 0.3421403) After the horror, inclusive Canada still exists: DiManno 2017-01-31T02:00:00.000+02:00
(254, 0.3352239) Appalling excuses rapists use 2017-01-31T10:57:00.000+02:00
(374, 0.33436018) 24 Hours at JFK: Two Iraqis’ Detainment and Release 2017-01-31T19:59:00.000+02:00
(759, 0.33285227) President Trump isn’t a fan of dissent — inside or outside the government 2017-02-01T02:00:00.000+02:00
(312, 0.32813528) Trump Must Choose Between Farmers and ‘Big Meat’ 2017-01-31T17:00:00.000+02:00
(650, 0.32786664) Finding clues of the high court’s future in Gorsuch’s record 2017-02-01T02:00:00.000+02:00
(798, 0.32774335) Voting reform promises were little more than cheap props: Hébert 2017-02-01T02:00:00.000+02:00
(700, 0.32519233) Trump refugee ban bringing religious faiths together 2017-02-01T02:00:00.000+02:00
(479, 0.32413396) Intolerance, xenophobia have permeated political rhetoric in Quebec 2017-01-31T22:58:00.000+02:00
(41, 0.322387) Immigration Executive Order Fiasco Shows We Need Leadership From President Trump 2017-01-30T21:52:00.000+02:00
(287, 0.3204826) South African wife is ordered to leave UK in 28 days 2017-01-31T15:13:00.000+02:00
(720, 0.3167507) With Flynn putting Iran ‘on notice,’ the first days of President Trump’s foreign policy set a combative tone 2017-02-01T02:00:00.000+02:00
(577, 0.31658816) Here’s What Musicians Hurt by the Muslim Ban Have to Say to Trump 2017-02-01T00:44:00.000+02:00
(970, 0.31594884) Intolerance, xenophobia have permeated political rhetoric in Quebec 2017-02-01T03:58:00.000+02:00
(889, 0.31452632) An Army Captain Who Served Alongside Iraqi Interpreters says "This Executive Order Is a Death Sentence" 2017-02-01T02:31:00.000+02:00
(317, 0.3142455) The 4 Rules That Will Explain Neil Gorsuch’s Confirmation Fight Magazine 2017-01-31T17:06:00.000+02:00
(196, 0.3140582) If PresidentTrump can learn lessons, here are some from his first days in office (opinion) - CNN.com 2017-01-31T02:00:00.000+02:00
(811, 0.31257746) What Jared Kushner could teach Trump about the Holocaust (opinion) - CNN.com 2017-02-01T02:00:00.000+02:00
(460, 0.3118669) Is 2face being used to attack Buhari by politicians? - NAIJ.COM 2017-01-31T22:34:00.000+02:00
